Wind Average ( MPH ),AC Output Total Power (Active)(W)
0.0,0.0
1.0,0.0
2.0,0.0
3.0,0.0
4.0,0.0
5.0,0.0
6.0,0.64
7.0,0.6532727272727272
8.0,1.8885897435897436
9.0,4.403648648648649
10.0,10.897894736842106
11.0,15.606933333333332
12.0,29.239493670886084
13.0,36.43243902439024
14.0,49.62212765957447
15.0,51.77573770491803
16.0,120.47483870967743
17.0,121.24843137254902
18.0,143.3783333333333
19.0,155.7655172413793
20.0,200.6696666666667
21.0,210.52200000000002
22.0,359.33540540540537
23.0,315.65122448979605
24.0,334.696875
25.0,444.101707317073
26.0,373.1802272727272
27.0,369.63399999999996
28.0,522.7344186046514
29.0,579.6886206896552
30.0,576.9690476190477
31.0,537.7765625000001
32.0,623.2122857142856
33.0,606.9017241379311
34.0,749.8408000000001
35.0,923.4778260869563
36.0,813.0085714285713
37.0,834.5313333333335
38.0,582.2681818181818
39.0,792.0314285714285
40.0,1122.5933333333332
41.0,487.69
42.0,878.9
43.0,367.84
44.0,1368.02
