Wind Average ( MPH ),AC Output Total Power (Active)(W)
0.0,0.0
1.0,0.0
2.0,0.0
3.0,0.0
4.0,0.0
5.0,0.0
6.0,0.5875409836065575
7.0,0.5890163934426229
8.0,1.7964634146341463
9.0,3.5420652173913045
10.0,8.657564102564104
11.0,17.477395833333336
12.0,27.673775510204084
13.0,39.179693877551024
14.0,54.88477876106197
15.0,53.40183098591548
16.0,135.83156626506022
17.0,122.66757575757572
18.0,147.75509803921568
19.0,185.58232558139534
20.0,222.24868421052628
21.0,251.7313636363636
22.0,331.48340909090905
23.0,326.17836363636366
24.0,381.32648648648643
25.0,450.4763829787234
26.0,392.4278723404255
27.0,406.6754999999999
28.0,522.7344186046514
29.0,579.6886206896552
30.0,576.9690476190477
31.0,537.7765625000001
32.0,623.2122857142856
33.0,606.9017241379311
34.0,749.8408000000001
35.0,923.4778260869563
36.0,813.0085714285713
37.0,834.5313333333335
38.0,582.2681818181818
39.0,792.0314285714285
40.0,1122.5933333333332
41.0,487.69
42.0,878.9
43.0,367.84
44.0,1368.02
